Map1: .word 60, 15
.byte 5,5,11,5,5,5,11,5,5,7,5,5,5,5,14,5,7,5,6,6,6,6,5,6,6,7,5,5,5,5,14,5,7,7,5,5,5,5,14,5,7,7,5,5,5,5,14,5,7,7,5,5,5,5,6,6,5,6,9,9,
12,5,7,5,12,5,7,5,12,5,14,13,14,0,0,5,5,5,5,7,7,5,5,7,5,5,14,13,14,0,0,5,5,5,14,13,14,0,0,5,5,5,14,13,14,0,0,5,5,5,14,13,14,0,7,5,5,7,7,5,
5,12,5,5,5,12,5,5,5,5,0,0,0,0,0,0,0,0,0,0,0,0,0,0,0,5,0,0,0,0,0,0,0,5,0,0,0,0,0,0,0,5,0,0,0,0,0,0,0,5,0,0,0,0,0,0,0,0,5,12,
5,5,11,5,5,5,5,7,5,0,0,0,0,0,0,0,0,0,0,0,0,0,0,0,0,0,0,0,0,0,10,0,0,0,0,0,10,0,0,0,0,0,0,0,0,0,0,0,0,0,0,0,0,0,0,0,0,0,12,12,
5,5,7,5,12,5,11,5,5,0,0,0,0,0,0,0,0,0,0,5,11,5,5,0,0,0,0,0,0,0,16,0,0,0,0,0,16,0,0,0,0,0,0,0,0,0,0,0,0,0,0,0,0,0,0,0,0,0,5,5,
12,12,5,5,5,5,7,5,12,0,0,0,0,0,0,0,0,0,0,5,7,5,12,0,0,0,0,0,0,0,9,9,0,0,0,9,9,0,0,0,0,0,0,0,0,0,0,0,0,0,0,0,0,0,0,0,0,0,46,4,
5,5,5,7,5,12,5,5,5,0,0,0,0,0,0,0,0,0,0,12,5,11,5,5,0,0,0,0,0,0,7,5,0,0,0,7,5,0,0,0,0,0,0,0,0,0,0,0,0,0,0,0,0,0,0,0,0,0,48,4,
5,5,11,5,5,5,5,7,5,0,0,0,0,0,0,0,0,0,0,5,5,7,5,12,0,0,0,0,0,0,5,12,0,0,0,5,12,0,0,0,0,0,0,0,0,0,0,0,0,0,0,0,0,0,0,0,0,0,50,4,
12,5,7,5,12,5,11,5,5,0,0,0,0,0,0,0,0,0,0,0,12,5,11,5,5,0,0,0,0,0,12,12,0,0,0,12,12,0,0,0,0,0,0,0,0,0,0,0,0,0,0,0,0,0,5,11,11,5,9,9,
5,12,5,5,5,5,7,5,12,0,0,0,0,0,0,255,0,0,0,0,5,5,7,5,12,0,0,0,0,0,5,5,0,0,0,5,5,0,0,0,0,0,0,0,0,0,0,0,0,0,0,0,0,0,0,0,0,0,7,5,
5,5,5,7,5,12,5,5,5,0,0,0,0,0,0,18,0,0,0,0,0,12,5,5,5,0,0,0,0,0,0,0,0,0,0,0,0,0,0,0,0,0,0,0,0,0,0,0,0,0,0,0,0,0,0,0,0,0,5,12,
5,5,11,5,5,5,5,7,5,0,0,0,10,0,0,18,0,0,10,0,0,5,5,7,5,0,0,0,0,0,0,0,0,0,0,0,0,0,0,0,0,0,0,0,0,0,0,0,0,0,0,0,0,0,0,0,0,0,12,12,
12,5,7,5,12,5,11,5,5,0,0,0,18,18,0,20,0,18,18,0,0,0,0,0,0,0,0,0,0,0,18,18,18,18,18,18,18,0,0,0,0,0,0,0,0,0,0,0,0,0,0,0,0,0,0,0,0,0,5,5,
5,12,5,5,5,5,7,5,12,5,6,6,6,6,6,6,6,6,6,6,6,6,5,6,6,5,6,6,6,6,5,6,6,5,6,6,6,6,5,6,6,5,6,6,5,6,6,6,6,5,6,6,5,6,6,6,6,5,6,6,
5,5,5,7,5,12,5,5,5,5,5,7,7,5,5,7,5,5,5,7,7,5,5,7,5,5,5,7,7,5,5,7,5,5,5,7,7,5,5,7,5,5,7,5,5,5,7,7,5,5,7,5,5,5,7,7,5,5,7,5,


