Map4: .word 20, 45
.byte 12,5,5,5,12,5,5,5,12,5,5,5,5,7,5,5,5,7,5,12,
9,9,0,0,0,0,0,0,0,0,0,0,0,0,0,0,0,0,9,9,
5,12,0,0,0,0,0,0,0,0,0,0,0,0,0,0,0,0,5,12,
12,12,0,0,0,0,0,0,0,0,0,0,0,0,0,0,0,0,12,12,
5,5,0,0,0,0,0,5,11,11,5,0,0,0,0,0,0,0,5,5,
4,40,0,0,0,0,0,0,0,0,0,0,0,0,0,0,0,0,9,9,
4,42,0,0,0,0,0,0,0,0,0,0,0,0,0,0,0,0,7,5,
4,44,0,0,0,0,0,0,0,0,0,0,0,0,0,0,0,0,5,12,
9,9,5,11,5,0,0,0,0,0,0,0,0,0,0,0,0,0,12,12,
7,5,0,0,0,0,0,0,0,0,0,0,5,11,11,11,11,5,5,5,
5,12,0,0,0,0,0,0,0,0,0,0,0,0,0,0,0,0,9,9,
12,12,0,0,0,0,0,0,0,0,0,0,0,0,0,0,0,0,7,5,
9,9,0,0,0,0,5,11,5,0,0,0,0,0,0,0,0,0,5,12,
7,5,0,0,0,0,0,0,0,0,0,0,0,0,0,0,0,0,12,12,
5,12,0,0,0,0,0,0,0,0,0,5,11,11,5,0,0,0,5,5,
9,9,0,0,0,0,0,0,0,0,0,0,0,0,0,0,0,0,9,9,
7,5,5,11,5,0,0,0,0,0,0,0,0,0,0,0,0,0,7,5,
5,12,0,0,0,0,0,0,0,0,0,0,0,0,0,0,0,0,5,12,
12,12,0,0,0,0,0,5,11,5,0,0,0,0,0,5,11,5,12,12,
5,5,0,0,0,0,0,0,0,0,0,0,0,0,0,0,0,0,5,5,
9,9,0,0,0,0,0,0,0,0,0,0,0,0,0,0,0,0,9,9,
7,5,0,0,0,0,0,0,0,0,0,0,0,0,0,0,0,0,7,5,
5,12,0,5,11,5,0,0,0,0,0,0,0,0,0,0,0,0,5,12,
12,12,0,0,0,0,0,0,0,0,5,11,5,0,0,0,0,0,12,12,
5,5,0,0,0,0,0,0,0,0,0,0,0,0,0,0,0,0,5,5,
9,9,0,0,0,0,0,0,0,0,0,0,0,0,0,0,0,0,9,9,
7,5,0,0,0,0,5,11,11,5,0,0,0,0,5,11,11,5,7,5,
5,12,0,0,0,0,0,0,0,0,0,0,0,0,0,0,0,0,5,12,
12,12,0,0,0,0,0,0,0,0,0,0,0,0,0,0,0,0,12,12,
5,5,0,0,0,0,0,0,0,0,0,0,0,0,0,0,0,0,5,5,
9,9,0,0,5,11,5,0,0,0,0,0,5,11,5,0,0,0,9,9,
7,5,0,0,0,0,0,0,0,0,0,0,0,0,0,0,0,0,7,5,
5,12,0,0,0,0,0,0,0,0,0,0,0,0,0,0,0,0,5,12,
12,12,0,0,0,0,0,0,0,0,0,0,0,0,0,0,0,0,12,12,
5,5,0,0,0,0,0,5,11,11,5,0,0,0,0,0,0,0,5,5,
4,40,0,0,0,0,0,0,0,0,0,0,0,0,0,0,0,0,9,9,
4,42,0,0,0,0,0,0,0,0,0,0,0,0,0,0,0,0,7,5,
4,44,0,0,0,0,0,0,0,0,0,0,0,0,0,0,0,0,5,12,
9,9,5,11,5,0,0,0,0,0,0,0,0,0,0,0,0,0,12,12,
7,5,0,0,0,0,0,0,0,0,0,0,5,11,11,11,11,5,5,5,
5,12,0,0,0,0,0,0,0,0,0,0,0,0,0,0,0,0,9,9,
12,12,0,0,0,0,5,11,5,0,0,0,0,0,0,0,0,0,7,5,
5,12,0,0,0,0,0,0,0,0,0,0,0,0,0,0,0,0,5,5,
5,11,5,5,5,11,5,5,5,11,5,5,5,11,5,5,5,11,5,5,
5,7,5,12,5,7,5,12,5,7,5,12,5,7,5,12,5,7,5,12,


