Bomb: .word 16, 32
.byte 199,199,199,199,199,199,199,199,199,199,199,199,199,199,199,199,
199,199,199,199,199,199,199,199,199,199,199,199,199,199,199,199,
199,199,199,199,199,199,199,199,199,199,199,199,199,199,199,199,
199,199,199,199,199,199,199,199,199,199,199,199,199,199,199,199,
199,199,199,199,199,199,14,14,14,14,199,199,199,199,199,199,
199,199,199,199,199,14,103,14,14,14,14,199,199,199,199,199,
199,199,199,199,14,14,14,14,199,199,14,14,199,199,199,199,
199,199,199,199,14,14,199,199,199,199,199,14,199,199,199,199,
199,199,199,199,14,14,199,199,199,199,199,14,199,199,199,199,
199,199,199,199,14,14,14,14,199,199,14,14,199,199,199,199,
199,199,199,199,199,14,103,14,14,14,14,199,199,199,199,199,
199,199,199,199,199,199,14,14,14,14,199,199,199,199,199,199,
199,199,199,199,199,199,199,199,199,199,199,199,199,199,199,199,
199,199,199,199,199,199,199,199,199,199,199,199,199,199,199,199,
199,199,199,199,199,199,199,199,199,199,199,199,199,199,199,199,
199,199,199,199,199,199,199,199,199,199,199,199,199,199,199,199,
199,199,199,199,199,199,199,199,199,199,199,199,199,199,199,199,
199,199,199,199,199,199,199,199,199,199,199,199,199,199,199,199,
199,199,199,199,199,199,199,199,199,199,199,199,199,199,199,199,
199,199,199,199,199,199,199,199,199,199,199,199,199,199,199,199,
199,199,199,199,199,199,14,14,14,14,199,199,199,199,199,199,
199,199,199,199,199,14,103,14,14,14,14,199,199,199,199,199,
199,199,199,199,14,14,14,14,199,199,14,14,199,199,199,199,
199,199,199,199,14,14,199,199,32,32,199,14,199,199,199,199,
199,199,199,199,14,14,199,199,32,32,199,14,199,199,199,199,
199,199,199,199,14,14,14,14,199,199,14,14,199,199,199,199,
199,199,199,199,199,14,103,14,14,14,14,199,199,199,199,199,
199,199,199,199,199,199,14,14,14,14,199,199,199,199,199,199,
199,199,199,199,199,199,199,199,199,199,199,199,199,199,199,199,
199,199,199,199,199,199,199,199,199,199,199,199,199,199,199,199,
199,199,199,199,199,199,199,199,199,199,199,199,199,199,199,199,
199,199,199,199,199,199,199,199,199,199,199,199,199,199,199,199,


